제 (2887.0, 537.0)
7 (2989.0, 537.0)
장 (3069.0, 537.0)
무선 (3209.0, 537.0)
· (3340.0, 537.0)
방송설비공사 (3364.0, 537.0)
- (1990.0, 5558.0)
181 (2079.0, 5558.0)
- (2262.0, 5558.0)
7-11 (543.0, 801.0)
방송 (896.0, 801.0)
및 (1138.0, 801.0)
음향영상설비 (1287.0, 801.0)
7-11-1 (593.0, 967.0)
방송국 (1032.0, 967.0)
설비 (1344.0, 967.0)
공정 (1000.0, 1392.0)
설치 (1842.0, 1172.0)
점검 (2293.0, 1172.0)
조정 (2647.0, 1172.0)
시험 (3178.0, 1172.0)
및 (3338.0, 1172.0)
측정 (3435.0, 1172.0)
H/W (1566.0, 1429.0)
시 험 사 (1570.0, 1533.0)
통 신 (1764.0, 1324.0)
관 련 (1764.0, 1429.0)
산 업 (1764.0, 1533.0)
기 사 (1764.0, 1637.0)
통 신 (1945.0, 1429.0)
설 비 공 (1936.0, 1533.0)
보 통 (2122.0, 1429.0)
인 부 (2122.0, 1533.0)
통신 (2299.0, 1324.0)
관련 (2299.0, 1429.0)
산업 (2299.0, 1533.0)
기사 (2299.0, 1637.0)
통 신 (2477.0, 1376.0)
관 련 (2477.0, 1481.0)
기 사 (2477.0, 1585.0)
통 신 (2654.0, 1324.0)
관 련 (2654.0, 1429.0)
산 업 (2654.0, 1533.0)
기 사 (2654.0, 1637.0)
통신 (2831.0, 1429.0)
설 비 공 (2823.0, 1533.0)
S/W (3004.0, 1429.0)
시 험 사 (3005.0, 1533.0)
H/W (3188.0, 1429.0)
시 험 사 (3192.0, 1533.0)
통신 (3388.0, 1376.0)
관련 (3388.0, 1481.0)
기사 (3388.0, 1585.0)
통신 (3594.0, 1324.0)
관련 (3594.0, 1429.0)
산업 (3594.0, 1533.0)
기사 (3594.0, 1637.0)
Audio (640.0, 1808.0)
Mixer (858.0, 1808.0)
20 (1126.0, 1754.0)
채널 (1206.0, 1754.0)
이하 (1366.0, 1754.0)
- (1614.0, 1754.0)
0.40 (1749.0, 1754.0)
0.40 (1930.0, 1754.0)
0.21 (2107.0, 1754.0)
- (2335.0, 1754.0)
- (2512.0, 1754.0)
- (2690.0, 1754.0)
- (2867.0, 1754.0)
- (3049.0, 1754.0)
- (3237.0, 1754.0)
0.27 (3374.0, 1754.0)
0.27 (3580.0, 1754.0)
26 (1126.0, 1862.0)
채널 (1206.0, 1862.0)
이하 (1366.0, 1862.0)
- (1614.0, 1862.0)
0.43 (1749.0, 1862.0)
0.49 (1930.0, 1862.0)
0.27 (2107.0, 1862.0)
- (2335.0, 1862.0)
- (2512.0, 1862.0)
- (2690.0, 1862.0)
- (2867.0, 1862.0)
- (3049.0, 1862.0)
- (3237.0, 1862.0)
0.36 (3374.0, 1862.0)
0.28 (3580.0, 1862.0)
Stabilizing (613.0, 1982.0)
Amp (969.0, 1982.0)
Limiting (613.0, 2090.0)
Amp (905.0, 2090.0)
- (1614.0, 1982.0)
- (1614.0, 2090.0)
0.50 (1749.0, 1982.0)
0.20 (1749.0, 2090.0)
0.80 (1930.0, 1982.0)
0.50 (1930.0, 2090.0)
0.50 (2107.0, 1982.0)
0.30 (2107.0, 2090.0)
0.60 (2285.0, 1982.0)
0.40 (2285.0, 2090.0)
3.00 (2462.0, 1982.0)
0.30 (2462.0, 2090.0)
1.00 (2639.0, 1982.0)
0.50 (2639.0, 2090.0)
- (2867.0, 1982.0)
0.10 (2817.0, 2090.0)
- (3049.0, 1982.0)
- (3049.0, 2090.0)
- (3237.0, 1982.0)
- (3237.0, 2090.0)
2.00 (3374.0, 1982.0)
0.50 (3374.0, 2090.0)
1.00 (3580.0, 1982.0)
1.00 (3580.0, 2090.0)
Power (613.0, 2264.0)
Amp (852.0, 2264.0)
300W (1096.0, 2210.0)
이상 (1286.0, 2210.0)
300W (1096.0, 2318.0)
미만 (1286.0, 2318.0)
- (1614.0, 2210.0)
- (1614.0, 2318.0)
0.46 (1749.0, 2210.0)
0.24 (1749.0, 2318.0)
0.63 (1930.0, 2210.0)
0.11 (1930.0, 2318.0)
0.63 (2107.0, 2210.0)
0.48 (2107.0, 2318.0)
- (2335.0, 2210.0)
- (2335.0, 2318.0)
0.40 (2462.0, 2210.0)
0.32 (2462.0, 2318.0)
0.33 (2639.0, 2210.0)
0.10 (2639.0, 2318.0)
- (2867.0, 2210.0)
- (2867.0, 2318.0)
- (3049.0, 2210.0)
- (3049.0, 2318.0)
- (3237.0, 2210.0)
- (3237.0, 2318.0)
0.65 (3374.0, 2210.0)
0.52 (3374.0, 2318.0)
0.52 (3580.0, 2210.0)
0.42 (3580.0, 2318.0)
Audio (613.0, 2451.0)
Distribution (831.0, 2451.0)
Amp (1233.0, 2451.0)
Video (613.0, 2560.0)
Distribution (828.0, 2560.0)
Amp (1230.0, 2560.0)
Line (613.0, 2668.0)
Distribution (785.0, 2668.0)
Amp (1187.0, 2668.0)
- (1614.0, 2451.0)
- (1614.0, 2560.0)
- (1614.0, 2668.0)
0.20 (1749.0, 2451.0)
0.20 (1749.0, 2560.0)
0.20 (1749.0, 2668.0)
0.40 (1930.0, 2451.0)
0.40 (1930.0, 2560.0)
0.40 (1930.0, 2668.0)
0.20 (2107.0, 2451.0)
0.20 (2107.0, 2560.0)
0.20 (2107.0, 2668.0)
0.40 (2285.0, 2451.0)
0.40 (2285.0, 2560.0)
0.40 (2285.0, 2668.0)
0.30 (2462.0, 2451.0)
0.80 (2462.0, 2560.0)
1.00 (2462.0, 2668.0)
0.40 (2639.0, 2451.0)
0.50 (2639.0, 2560.0)
0.50 (2639.0, 2668.0)
- (2867.0, 2451.0)
- (2867.0, 2560.0)
- (2867.0, 2668.0)
- (3049.0, 2451.0)
- (3049.0, 2560.0)
- (3049.0, 2668.0)
- (3237.0, 2451.0)
- (3237.0, 2560.0)
- (3237.0, 2668.0)
0.50 (3374.0, 2451.0)
0.80 (3374.0, 2560.0)
0.80 (3374.0, 2668.0)
1.00 (3580.0, 2451.0)
1.20 (3580.0, 2560.0)
1.20 (3580.0, 2668.0)
Phase (613.0, 2828.0)
Equalizer (844.0, 2828.0)
Audimax (613.0, 2936.0)
Volumax (613.0, 3044.0)
- (1614.0, 2828.0)
- (1614.0, 2936.0)
- (1614.0, 3044.0)
0.30 (1749.0, 2828.0)
0.20 (1749.0, 2936.0)
0.20 (1749.0, 3044.0)
0.60 (1930.0, 2828.0)
0.50 (1930.0, 2936.0)
0.50 (1930.0, 3044.0)
0.30 (2107.0, 2828.0)
0.30 (2107.0, 2936.0)
0.30 (2107.0, 3044.0)
0.50 (2285.0, 2828.0)
0.40 (2285.0, 2936.0)
0.40 (2285.0, 3044.0)
2.00 (2462.0, 2828.0)
0.30 (2462.0, 2936.0)
0.30 (2462.0, 3044.0)
1.00 (2639.0, 2828.0)
0.50 (2639.0, 2936.0)
0.50 (2639.0, 3044.0)
- (2867.0, 2828.0)
- (2867.0, 2936.0)
- (2867.0, 3044.0)
- (3049.0, 2828.0)
- (3049.0, 2936.0)
- (3049.0, 3044.0)
- (3237.0, 2828.0)
- (3237.0, 2936.0)
- (3237.0, 3044.0)
2.00 (3374.0, 2828.0)
0.50 (3374.0, 2936.0)
0.50 (3374.0, 3044.0)
1.00 (3580.0, 2828.0)
1.00 (3580.0, 2936.0)
- (3630.0, 3044.0)
컴프레서 (613.0, 3225.0)
리미터 (897.0, 3225.0)
- (1614.0, 3225.0)
0.36 (1749.0, 3225.0)
0.36 (1930.0, 3225.0)
- (2158.0, 3225.0)
0.49 (2285.0, 3225.0)
2.11 (2462.0, 3225.0)
1.06 (2639.0, 3225.0)
- (2867.0, 3225.0)
- (3049.0, 3225.0)
- (3237.0, 3225.0)
2.11 (3374.0, 3225.0)
1.06 (3580.0, 3225.0)
Audio (613.0, 3395.0)
Demodulator (831.0, 3395.0)
Visual (613.0, 3503.0)
Demodulator (837.0, 3503.0)
Stereo (613.0, 3611.0)
Demodulator (859.0, 3611.0)
SCA (613.0, 3720.0)
Demodulator (786.0, 3720.0)
- (1614.0, 3395.0)
- (1614.0, 3503.0)
- (1614.0, 3611.0)
- (1614.0, 3720.0)
0.40 (1749.0, 3395.0)
0.80 (1749.0, 3503.0)
0.30 (1749.0, 3611.0)
0.20 (1749.0, 3720.0)
0.50 (1930.0, 3395.0)
0.50 (1930.0, 3503.0)
0.80 (1930.0, 3611.0)
0.50 (1930.0, 3720.0)
0.30 (2107.0, 3395.0)
0.50 (2107.0, 3503.0)
0.40 (2107.0, 3611.0)
0.30 (2107.0, 3720.0)
0.50 (2285.0, 3395.0)
0.60 (2285.0, 3503.0)
0.40 (2285.0, 3611.0)
0.40 (2285.0, 3720.0)
0.40 (2462.0, 3395.0)
1.50 (2462.0, 3503.0)
0.40 (2462.0, 3611.0)
0.30 (2462.0, 3720.0)
0.60 (2639.0, 3395.0)
1.00 (2639.0, 3503.0)
0.60 (2639.0, 3611.0)
0.50 (2639.0, 3720.0)
- (2867.0, 3395.0)
- (2867.0, 3503.0)
- (2867.0, 3611.0)
- (2867.0, 3720.0)
- (3049.0, 3395.0)
- (3049.0, 3503.0)
- (3049.0, 3611.0)
- (3049.0, 3720.0)
- (3237.0, 3395.0)
- (3237.0, 3503.0)
- (3237.0, 3611.0)
- (3237.0, 3720.0)
0.80 (3374.0, 3395.0)
1.00 (3374.0, 3503.0)
0.80 (3374.0, 3611.0)
0.50 (3374.0, 3720.0)
1.00 (3580.0, 3395.0)
1.50 (3580.0, 3503.0)
1.00 (3580.0, 3611.0)
0.80 (3580.0, 3720.0)
Utility (613.0, 3867.0)
Monitor (833.0, 3867.0)
Modulation (613.0, 3975.0)
Monitor (1001.0, 3975.0)
Frequency (613.0, 4084.0)
Monitor (984.0, 4084.0)
Precision (613.0, 4192.0)
Monitor (939.0, 4192.0)
- (1614.0, 3867.0)
- (1614.0, 3975.0)
- (1614.0, 4084.0)
- (1614.0, 4192.0)
0.30 (1749.0, 3867.0)
0.20 (1749.0, 3975.0)
0.20 (1749.0, 4084.0)
0.42 (1749.0, 4192.0)
0.50 (1930.0, 3867.0)
0.50 (1930.0, 3975.0)
0.50 (1930.0, 4084.0)
0.71 (1930.0, 4192.0)
0.30 (2107.0, 3867.0)
0.30 (2107.0, 3975.0)
0.30 (2107.0, 4084.0)
0.71 (2107.0, 4192.0)
0.50 (2285.0, 3867.0)
0.40 (2285.0, 3975.0)
0.40 (2285.0, 4084.0)
0.35 (2285.0, 4192.0)
0.50 (2462.0, 3867.0)
0.40 (2462.0, 3975.0)
0.40 (2462.0, 4084.0)
1.05 (2462.0, 4192.0)
0.80 (2639.0, 3867.0)
0.60 (2639.0, 3975.0)
0.60 (2639.0, 4084.0)
0.98 (2639.0, 4192.0)
- (2867.0, 3867.0)
- (2867.0, 3975.0)
- (2867.0, 4084.0)
- (2867.0, 4192.0)
- (3049.0, 3867.0)
- (3049.0, 3975.0)
- (3049.0, 4084.0)
- (3049.0, 4192.0)
- (3237.0, 3867.0)
- (3237.0, 3975.0)
- (3237.0, 4084.0)
- (3237.0, 4192.0)
0.40 (3374.0, 3867.0)
0.60 (3374.0, 3975.0)
0.60 (3374.0, 4084.0)
1.26 (3374.0, 4192.0)
0.80 (3580.0, 3867.0)
0.80 (3580.0, 3975.0)
0.80 (3580.0, 4084.0)
1.19 (3580.0, 4192.0)
TV (661.0, 4631.0)
Monitor (774.0, 4631.0)
19 (1183.0, 4342.0)
″ (1267.0, 4342.0)
이하 (1300.0, 4342.0)
- (1614.0, 4342.0)
0.25 (1749.0, 4342.0)
0.25 (1930.0, 4342.0)
- (2158.0, 4342.0)
- (2335.0, 4342.0)
- (2512.0, 4342.0)
- (2690.0, 4342.0)
- (2867.0, 4342.0)
- (3049.0, 4342.0)
- (3237.0, 4342.0)
- (3424.0, 4342.0)
- (3630.0, 4342.0)
24 (1183.0, 4487.0)
″ (1267.0, 4487.0)
이하 (1300.0, 4487.0)
- (1614.0, 4487.0)
0.28 (1749.0, 4487.0)
0.28 (1930.0, 4487.0)
- (2158.0, 4487.0)
- (2335.0, 4487.0)
- (2512.0, 4487.0)
- (2690.0, 4487.0)
- (2867.0, 4487.0)
- (3049.0, 4487.0)
- (3237.0, 4487.0)
- (3424.0, 4487.0)
- (3630.0, 4487.0)
30 (1183.0, 4631.0)
″ (1267.0, 4631.0)
이하 (1300.0, 4631.0)
- (1614.0, 4631.0)
0.36 (1749.0, 4631.0)
0.36 (1930.0, 4631.0)
- (2158.0, 4631.0)
- (2335.0, 4631.0)
- (2512.0, 4631.0)
- (2690.0, 4631.0)
- (2867.0, 4631.0)
- (3049.0, 4631.0)
- (3237.0, 4631.0)
- (3424.0, 4631.0)
- (3630.0, 4631.0)
40 (1183.0, 4776.0)
″ (1267.0, 4776.0)
이하 (1300.0, 4776.0)
0.40 (1749.0, 4776.0)
0.40 (1930.0, 4776.0)
- (2158.0, 4776.0)
- (2335.0, 4776.0)
- (2512.0, 4776.0)
- (2690.0, 4776.0)
- (2867.0, 4776.0)
- (3049.0, 4776.0)
- (3237.0, 4776.0)
- (3424.0, 4776.0)
- (3630.0, 4776.0)
41 (1183.0, 4920.0)
″ (1267.0, 4920.0)
이상 (1300.0, 4920.0)
- (1614.0, 4920.0)
0.52 (1749.0, 4920.0)
0.52 (1930.0, 4920.0)
- (2158.0, 4920.0)
- (2335.0, 4920.0)
- (2512.0, 4920.0)
- (2690.0, 4920.0)
- (2867.0, 4920.0)
- (3049.0, 4920.0)
- (3237.0, 4920.0)
- (3424.0, 4920.0)
- (3630.0, 4920.0)
Switcher (613.0, 5072.0)
Stereo (613.0, 5180.0)
Generator (859.0, 5180.0)
SCA (613.0, 5289.0)
Generator (786.0, 5289.0)
- (1614.0, 5072.0)
- (1614.0, 5180.0)
- (1614.0, 5289.0)
1.00 (1749.0, 5072.0)
0.30 (1749.0, 5180.0)
0.20 (1749.0, 5289.0)
1.50 (1930.0, 5072.0)
0.80 (1930.0, 5180.0)
0.50 (1930.0, 5289.0)
0.60 (2107.0, 5072.0)
0.40 (2107.0, 5180.0)
0.30 (2107.0, 5289.0)
0.50 (2285.0, 5072.0)
0.40 (2285.0, 5180.0)
0.40 (2285.0, 5289.0)
- (2512.0, 5072.0)
0.40 (2462.0, 5180.0)
0.30 (2462.0, 5289.0)
- (2690.0, 5072.0)
0.60 (2639.0, 5180.0)
0.50 (2639.0, 5289.0)
- (2867.0, 5072.0)
- (2867.0, 5180.0)
- (2867.0, 5289.0)
- (3049.0, 5072.0)
- (3049.0, 5180.0)
- (3049.0, 5289.0)
- (3237.0, 5072.0)
- (3237.0, 5180.0)
- (3237.0, 5289.0)
1.00 (3374.0, 5072.0)
0.80 (3374.0, 5180.0)
0.50 (3374.0, 5289.0)
1.00 (3580.0, 5072.0)
1.00 (3580.0, 5180.0)
0.80 (3580.0, 5289.0)
